400006
4691.157813972306 0.0 1136.6687892562952
0.0 4690.204098617831 2007.4164397746492
0.0 0.0 1.0
-0.22884943301417876 0.3034335813588118 -0.000555090875942017 -0.0006369852144901887 0.0
0.10316346384016783 -0.1763638943787528 0.9789040180160968 -2618.2064401274924
-0.097792760276708 0.9775885293155895 0.18643294609066602 -531.5444789562272
-0.9898453797265314 -0.11496279446039481 0.08360430685016362 2431.9591881146575

400008
4707.484254583344 0.0 1518.533404059316
0.0 4706.12676695718 2046.4545153030622
0.0 0.0 1.0
-0.22631259788598823 0.29296321493061533 -0.00014672091283292706 -0.00034868394460923244 0.0
0.9942145013324536 -0.005689285369462599 0.10726209662432262 -290.87593007184444
-0.007923644376260402 0.991990900945968 0.12606057393255568 -646.2194098273334
-0.10712021844665581 -0.12618115735874194 0.9862066590363042 -40.18632345564475

400009
4686.8551948792365 0.0 1509.404627994349
0.0 4685.738882292459 2012.5198937895134
0.0 0.0 1.0
-0.23016181638031122 0.3067703809351345 -0.000262383091579515 -0.00013074945075795369 0.0
0.09063337705183816 -0.18782408580042864 0.9780121184103052 -2851.97113162369
-0.0383420180102909 0.9806677124494669 0.1918872778847731 -536.683333720093
-0.9951459594547316 -0.05489035026635221 0.08167967206446969 2449.200510079023

400010
4713.599294711215 0.0 1154.8743876423148
0.0 4711.927902363968 2072.3011648369784
0.0 0.0 1.0
-0.23075252892255194 0.32809210292838903 -0.0009056351940541845 0.0001927979614434883 0.0
0.016174458150344906 -0.1958046518345926 0.9805095232701605 -2651.1056101608297
0.3731241056965302 0.9109803081953779 0.17576484241286422 -515.1543590273434
-0.9276404414705667 0.36300883790920074 0.08779404847769723 2535.153526542102

400011
4703.547917404047 0.0 1166.8880955325242
0.0 4700.950689254637 2021.7838819875712
0.0 0.0 1.0
-0.22955746059086057 0.3077408691731304 0.0006165126163718433 -0.0002343972949464713 0.0
0.7894415748922057 -0.12450473858353442 0.6010661942764374 -1534.0629717496479
0.22253770729542197 0.9706469712330281 -0.09122185082449319 260.71154748194823
-0.572065528294977 0.20577421438653276 0.7939760727063468 568.8675133266787

400012
4692.822198710895 0.0 1131.5397716107022
0.0 4691.380865169784 2066.170319276667
0.0 0.0 1.0
-0.23155151398618481 0.3133095234104512 -0.0004214334556980431 0.00021103019809782175 0.0
-0.5334784895905611 0.17281110693477975 -0.8279716314368203 2410.7016768042076
-0.32941877505042305 0.859159471150264 0.3915715436252709 -1143.1244314013654
0.7790275808907233 0.4816443962642717 -0.40141587382510524 4073.9030862181826

400013
4694.628074443674 0.0 1507.1601510737084
0.0 4693.105760368671 2056.10663128022
0.0 0.0 1.0
-0.23225782478080545 0.3154416765965305 -0.00047060443837367824 -0.00027860632643139584 0.0
0.9998651535156332 0.013563649018069196 0.009257548837235063 -2.082358816433224
-0.012392766657908318 0.9931064365851914 -0.11655910495377828 318.08222438301914
-0.010774698126713236 0.11642866072569028 0.9931406108109265 46.57197965422597

400015
4691.9908762485675 0.0 1147.4037352796684
0.0 4690.6582661345865 2026.5286509657503
0.0 0.0 1.0
-0.2328967699759556 0.31940669007022515 0.0007913235731252627 4.887043650098598e-05 0.0
0.13969971189047814 0.22621391359286036 -0.9640079127241226 2863.750361110182
-0.15081781340643724 0.967056791691505 0.2050735204813976 94.88272791505713
0.9786408828865769 0.1167408537759384 0.16921464299122124 2389.8899520791383

400016
4703.793490290289 0.0 1496.130727287734
0.0 4702.377791568925 2038.6357367589214
0.0 0.0 1.0
-0.23414434962790112 0.3184403059126478 -0.0010890942249539345 -0.0003586072868126147 0.0
0.16703792873830225 0.2017486858395427 -0.9650884923802767 2650.0170997493524
-0.326197389504387 0.9350254920660679 0.13900572746160805 -422.688602702327
0.930426565314717 0.2915901180572228 0.22199461616902727 2306.0600418804206

400018
4691.628293466967 0.0 1554.0510346892552
0.0 4690.316347928346 2094.1724225431813
0.0 0.0 1.0
-0.23489194401839925 0.303146407116873 -0.0008598765228491222 -7.347608099938618e-06 0.0
0.7548107347206917 0.13930345006199596 -0.640979955654804 1738.6175990616032
-0.2147418423302313 0.9758181005503287 -0.04080411487787265 103.8495510837132
0.6197956888386912 0.16844460050465715 0.7664722569394138 735.0328715355654

400019
4703.594257964982 0.0 1146.4216620135126
0.0 4702.108461044099 2036.1914398127092
0.0 0.0 1.0
-0.23057527349095994 0.3089287477496361 -0.00032415097094554395 0.00021793476059908497 0.0
0.21332688629613072 -0.18072063200081617 0.9601206657251076 -2559.7593762887777
0.3473089137632846 0.9325771612729976 0.0983684740786644 -259.35112839487454
-0.9131638177259136 0.3124738252097656 0.2617096684400708 2043.67979528917

400021
4696.3162379166515 0.0 1518.9194421648688
0.0 4695.028261432194 2008.2584690595195
0.0 0.0 1.0
-0.2310932867954494 0.3136663519179464 5.36135793612295e-05 0.0004459751955845822 0.0
0.1486811732716442 0.2031223044181854 -0.967799172433214 2598.4042223807423
-0.19053857374690153 0.9662225909473111 0.1735193264670013 225.7954117206735
0.9703550693581522 0.15860401694443693 0.18236174264363914 2358.399373569191

400025
4696.820341737639 0.0 1511.0003148630344
0.0 4695.303560701681 2076.473900501089
0.0 0.0 1.0
-0.226659804193974 0.30255975617324377 -0.0007635949348963504 -0.0007351102508642355 0.0
0.9946970927584914 0.0437072203945563 -0.09309872471299972 271.79803975159166
-0.032569395562075464 0.9924839562078687 0.11796114251183988 -652.322134849318
0.09755474427482387 -0.11430343632349475 0.9886444235993619 -42.911160510227404

400026
4696.133035545141 0.0 1497.5556715130592
0.0 4695.005882178697 2048.5829401326437
0.0 0.0 1.0
-0.23112744200478333 0.3125164237159535 -0.00048528754137315794 0.0005679575238855937 0.0
-0.897739792613321 -0.09447583474240194 0.43027616876643043 -1338.4279963493836
-0.01042780272974786 0.9810162255153424 0.19364510374874033 -571.3791339587336
-0.4404026858328873 0.16935608027277116 -0.8816824782118684 5200.208530312112

400028
4700.26268568927 0.0 1518.1783268957647
0.0 4699.269321898829 2065.343977868065
0.0 0.0 1.0
-0.23222754133082232 0.31108010616857956 -0.00013146185650238272 -0.0004839248104625425 0.0
0.05248532879684753 0.21663101698223564 -0.9748416757311564 2631.7289239845895
0.0006515766561360076 0.9761795224592571 0.2169633964038124 -635.3216104779289
0.9986214826995001 -0.012022579276469783 0.051093951487363065 2700.9739641344713

400029
4694.3565091603605 0.0 1511.4075963394264
0.0 4692.736811487397 2010.6918799952532
0.0 0.0 1.0
-0.23086473655395315 0.3113676705723193 -0.0003102767128928244 0.0003613468061633233 0.0
0.19344157097714965 -0.20491208201397998 0.9594745422691466 -2794.74938159954
0.295402346953705 0.9447299987686908 0.14220647960185384 -365.4052385626786
-0.9355842089476154 0.2559223868113251 0.24328156505715592 2087.231477552719

400030
4689.87892697936 0.0 1170.7766203221913
0.0 4688.69173888229 2065.8271668796306
0.0 0.0 1.0
-0.23249699123977607 0.3204796252068004 -0.00036897654955557257 -0.00019252182835279662 0.0
0.21986758871104828 0.20426253801219693 -0.9539051624764411 2762.851707037197
0.06110690768505486 0.9730289807197727 0.22244223635049676 -645.0815060900458
0.9736139837058421 -0.10719803283762197 0.20145568368299915 2259.994440185423

400031
4696.4937931455925 0.0 1514.594064812133
0.0 4695.619840853162 2049.7773104637863
0.0 0.0 1.0
-0.22851751407412765 0.3159589980055907 -0.0007936477675492082 -0.00033418309734625936 0.0
-0.96575139689528 -0.0630370877356904 0.2516953812937735 -868.6933376553048
-0.013499381346600368 0.980932838100005 0.19387762594051056 -565.5730747809862
-0.2591177456255635 0.18383985614352605 -0.9481882203418546 5404.451195366437

400034
4703.368037363904 0.0 1153.1500470719595
0.0 4701.7096452885 2011.1136678066644
0.0 0.0 1.0
-0.2306810301724131 0.3195882207689725 0.0004410890882315092 0.00040457944744414404 0.0
-0.6245033606602719 -0.16422784057578052 0.7635605862692514 -2109.225983795053
0.08195196938043753 0.9584669444479879 0.27317575133090705 -20.963998870117415
-0.7767106457611448 0.23317446854309273 -0.585107032927269 4357.00238737273

400035
4706.258560904492 0.0 1159.362639709036
0.0 4703.696303059303 2021.4186075818104
0.0 0.0 1.0
-0.23457396254605453 0.3268536190280772 0.00039292979665114916 0.0008782216253244991 0.0
-0.45780729291104794 -0.1764082860517413 0.8713739720520378 -2374.684862607222
0.09320199710756986 0.9651928810083824 0.24436875861267351 63.598655486658146
-0.8841526283920774 0.193087594275307 -0.425430735425117 3898.7625529446964

400036
4684.946562778343 0.0 1120.0031088912126
0.0 4684.1373564677815 2037.4146647127232
0.0 0.0 1.0
-0.2278139713109629 0.305375816757834 -0.0007148169019780147 -0.0006041782035934684 0.0
0.23962580567356295 0.2016123318264779 -0.9497009744707995 2806.3128549393045
0.0892723686158374 0.969480768974341 0.2283363369913744 -896.7306242826262
0.9667522523671791 -0.1394973341838855 0.21431419994618994 2175.3372711188154

400038
4684.190023143213 0.0 1150.3188505176163
0.0 4683.413089015895 1989.7364985734157
0.0 0.0 1.0
-0.22712559333851376 0.3039554924976651 -0.00013682145224318604 -0.00034766549315561236 0.0
-0.739048589159248 0.12660311876377625 -0.6616485722655274 1864.424618814596
0.060548316143208804 0.990689878126263 0.12193222211701137 -580.9456564663054
0.6709255430179624 0.0500521297993934 -0.7398335623831873 4829.936100406285

400039
4700.624024166615 0.0 1491.7235372171833
0.0 4699.75342504787 2002.9645042868465
0.0 0.0 1.0
-0.23260061972464463 0.3293173369957054 -0.0008094514179725291 1.4114694999671472e-05 0.0
0.2858299421856113 -0.1939676907847223 0.938444339895453 -2716.5821565420565
-0.035475398047010234 0.9764873200198544 0.2126358623888469 -593.2672027862668
-0.9576234856578949 -0.09406938275594667 0.2722282331874101 1916.7797387836417

400049
4686.626137711327 0.0 1478.569437321414
0.0 4685.294647754798 2014.875943208634
0.0 0.0 1.0
-0.23273901087214405 0.30818418629699296 5.20291177390825e-06 5.0600113227071026e-05 0.0
-0.5103624329463115 0.18061273782076298 -0.8407789400157513 2254.5154533612863
-0.2844176653288457 0.8872243893388327 0.3632347376163575 -1049.737340096167
0.8115644020569228 0.42451374759744087 -0.40143654469264 4055.659122916639

400051
4698.032789906879 0.0 1192.0232488853383
0.0 4696.421401146722 2020.1772127401348
0.0 0.0 1.0
-0.23394983743852032 0.31087684909724583 4.24966202715163e-06 5.598323271163159e-05 0.0
0.6569947063560089 -0.14696337205553237 0.7394320273657673 -1945.0653565610532
0.2680452167428277 0.9622635864460393 -0.04691004136958826 139.52763628270458
-0.70463445672311 0.22902086689660645 0.6715949113300775 907.7403558416383

400052
4690.552632915844 0.0 1150.3849006691635
0.0 4689.360714007222 2050.0506660402407
0.0 0.0 1.0
-0.23363995003404053 0.3213214901768284 -0.0003893937381405469 -3.907868173724003e-06 0.0
0.12429935378822776 0.21340476881926054 -0.9690242903524283 2825.0772536723844
-0.17384477104938803 0.9661760387346027 0.19047797183374596 -575.0723255759849
0.9768969578346608 0.14478351708778667 0.15719436043661272 2454.2251569382965

400053
4693.390363807161 0.0 1506.4634003709905
0.0 4692.669931949687 2081.46674258369
0.0 0.0 1.0
-0.23191797378150925 0.3100442596978093 -0.0006814315749415553 -0.0003639996848783579 0.0
0.251007800423545 0.1961782748513733 -0.9478972352543671 2558.696410082818
0.0019412935763744171 0.9791437997382247 0.20315917605031153 -603.0338571606671
0.9679831173660955 -0.05283468473011081 0.24539189184585064 2149.739950611381

400056
4688.778667665472 0.0 1192.677149802162
0.0 4687.291668322715 2034.4983123898867
0.0 0.0 1.0
-0.22812298611319068 0.308703646643706 -0.0013259613013942605 -0.0003414018246047557 0.0
0.22558690876315612 0.18711585937924147 -0.9560848297946429 2783.5927198998734
-0.13715263542513356 0.9777077175299638 0.15898670912465884 -730.9375505895782
0.9645204514112824 0.09526423385046669 0.2462214949151672 2144.3271287877715

400058
4685.86783074381 0.0 1157.117107618911
0.0 4684.4019051539635 2020.5546648502673
0.0 0.0 1.0
-0.23125507698624997 0.30754173347273783 -0.0007436875162249173 0.0006129424581732721 0.0
-0.11833881354127818 0.20614981048455192 -0.9713383451953425 2814.412844989011
-0.13851995260498348 0.9652197968411683 0.22172723449366105 -895.3867708256876
0.983264027583617 0.16078867939963049 -0.085667103586891 3091.2468186070887

400059
4698.435130119135 0.0 1181.4376925446202
0.0 4696.903149962326 2090.769037822866
0.0 0.0 1.0
-0.2301103426910613 0.31435215069409206 0.0005033180056481329 1.7903016709443858e-05 0.0
0.985274710391113 -0.017518961395839115 0.17007889656074177 -285.3451420529667
0.003350611951858114 0.9965241771605738 0.08323663696948133 466.5856279032644
-0.1709459518773594 -0.08144108500046066 0.9819087692910636 -15.426749287442938

400062
4694.828492795336 0.0 1163.7824806009407
0.0 4693.581375495566 2017.6694713065472
0.0 0.0 1.0
-0.23196982410891645 0.3083927210576362 0.00025230203672345315 0.0003362960837025149 0.0
-0.6649703383226488 0.14922100003779326 -0.7318111384085266 2069.6434954882675
-0.12218114459302498 0.9449032043783029 0.3036934346698221 -856.4021955126157
0.7368081277082936 0.2913606485154371 -0.6101006109156617 4588.684627643897

400064
4689.3633328700425 0.0 1169.923130576464
0.0 4687.457243673402 2048.337594331498
0.0 0.0 1.0
-0.2296608484720023 0.3053471206756588 -0.0003923231720030625 2.6898428240980402e-06 0.0
-0.9824121723614054 -0.05577348792209477 0.17820112693568538 -463.7389103951336
0.006051423445450139 0.9443381820123333 0.3289206260907409 -208.47663650185956
-0.18662717880959398 0.3242139972898226 -0.9273918158421104 5375.455607383295

400065
4705.239011336952 0.0 1163.266818877834
0.0 4703.7165783270875 2020.2210202610172
0.0 0.0 1.0
-0.23050015490367276 0.31749374834413857 -0.00033695782174836513 -0.0007178281202813423 0.0
-0.01535737975553042 0.2115557027466394 -0.9772452790995823 2838.738707811105
-0.1633476214223122 0.963699246683919 0.2111902377396266 -608.5473362895057
0.9864490384519202 0.1628740205687285 0.01975722554054582 2836.9566666800156

400066
4681.803355405069 0.0 1148.4870154607097
0.0 4680.275936332614 1986.023783664542
0.0 0.0 1.0
-0.2297600567882877 0.3018347483735877 -1.795004542149739e-05 0.00033980434479749397 0.0
-0.36672793754699895 0.19895646312958742 -0.9088052297392937 2606.966991606436
-0.14617425636543424 0.9524092864502895 0.26748764057291063 -748.756066633924
0.9187729352775569 0.23093911938477518 -0.32019278027345943 3794.9693661899423

400068
4702.130931559165 0.0 1154.1420160553275
0.0 4700.728022881219 2038.3668025207828
0.0 0.0 1.0
-0.22969630830817142 0.3065483926545881 -0.00019896150184020234 -3.264721509282633e-05 0.0
0.3429655405115284 -0.18409006594329794 0.9211327187993202 -2429.9787345680597
0.13364756620380983 0.9801956493743111 0.14613287445154435 -421.5578698038974
-0.9297918939576929 0.07298860574545021 0.3607765199703298 1709.8212763222818

400069
4687.524765940976 0.0 1525.029675096913
0.0 4685.921248814704 2055.225680638992
0.0 0.0 1.0
-0.2325361582174505 0.31234783949127237 0.00026438865986365287 0.00035865480376272464 0.0
0.7760931356464867 -0.1333023649077746 0.616368334936504 -1791.6484490980044
0.19892043277983337 0.9792518233410409 -0.03868498295114772 115.80085399935531
-0.5984230161224481 0.1526314056583418 0.7865071822823178 578.6063775613484

400070
4697.913150292962 0.0 1176.9717402068027
0.0 4696.9051552957035 2034.7357677188031
0.0 0.0 1.0
-0.22713400636538178 0.30728596481844134 -0.0007904561136410544 -0.0007441367461755327 0.0
0.9963853647010686 -0.002565843448690001 0.08490948979304493 -6.750358789511025
-0.013609329640244215 0.9818114804918165 0.18937001589800434 -807.7305263644321
-0.08385100569618444 -0.18984107359015873 0.9782276706482363 -44.14837457954302

400074
4694.795524676513 0.0 1193.4283188486309
0.0 4693.300549572438 2033.6456883218273
0.0 0.0 1.0
-0.23107089524019642 0.3130169407446193 -0.0007204130031174687 4.354325324525655e-05 0.0
-0.32151306834060756 -0.18686769283420163 0.9282832607889848 -2544.855388304997
0.13535770098044364 0.9611962862130822 0.24037469117082055 -670.1866771885115
-0.9371806867789672 0.20293389254878302 -0.28374318596840764 3528.4733248556454

400077
4690.472332613569 0.0 1178.6729871474156
0.0 4689.045979887885 2056.911353508003
0.0 0.0 1.0
-0.225651025254432 0.3001875534255857 0.00011684546033878384 -0.00040228062405174147 0.0
-0.12209112031380731 0.21280999128782577 -0.9694357461681486 2793.197790379815
0.09106964634757733 0.9750244795270947 0.20256747971242905 -835.3932943689341
0.9883319674353586 -0.06355448002299814 -0.13842236168466315 3162.655623409302

400078
4696.666110801753 0.0 1169.5497382885105
0.0 4695.417832020285 2016.611523173931
0.0 0.0 1.0
-0.23191440867817145 0.30736482435219487 -0.00019143549964994582 0.0003978473887913087 0.0
0.5528287749498856 0.17766412073619164 -0.8141350046463085 2432.1923407143286
-0.03908195278180278 0.9814599794518125 0.18764037332410305 -534.4922582716749
0.8323778868724048 -0.07191501190630328 0.5495227788803176 1298.8631322076405

400080
4700.761854153826 0.0 1150.2798540198694
0.0 4699.395661365649 2044.627872592428
0.0 0.0 1.0
-0.22998019219116436 0.30414438806327543 -0.00025711294251322273 -0.00048116793456546696 0.0
0.4690000586247062 0.17936895067693276 -0.8647923013898066 2576.642446482386
-0.1487582080522969 0.9812141176563548 0.1228407540229653 -377.9810607782618
0.8705802321136701 0.07103263225389565 0.4868720823871411 1507.274336896655

400081
4706.916318820897 0.0 1487.1227835694071
0.0 4705.397231406141 2031.7838601731557
0.0 0.0 1.0
-0.23139572744410017 0.31371979242617704 -0.00013358029783649134 -8.735382023021964e-05 0.0
0.9384828174628083 -0.06217319435662016 0.33968293338135674 -946.2765896071089
0.06170691082914815 0.9980199248503069 0.012185514257159665 -34.71289091385008
-0.3397679479924392 0.009524888728054426 0.9404610667176634 144.67750415267233

400082
4680.094242115394 0.0 1152.1006491604057
0.0 4679.467192711812 2009.9605152153522
0.0 0.0 1.0
-0.2301723367538231 0.3037100278236014 -0.000777983009283655 3.093533954440748e-06 0.0
0.12143478666171337 -0.19726755181875205 0.9727996225265819 -2646.7709486924464
-0.2161894819010471 0.9512682237387559 0.21988832261006783 -614.8232355673305
-0.9687702000494137 -0.23701113793311154 0.07286988398419891 2432.5682822790764

400124
4690.491373057019 0.0 1164.999585334594
0.0 4689.301230610572 2024.5561710566587
0.0 0.0 1.0
-0.22952331639214954 0.3026630195047351 -8.931832376595248e-05 -0.0001381869469486342 0.0
-0.4604001182925541 0.18624048223792466 -0.8679551911544672 2474.589538715915
-0.12201367004361585 0.9551887299892349 0.2696797256451441 -1028.142879219914
0.879286298880342 0.23006297589429248 -0.4170451195302163 4005.832201715536

400126
4706.114308016496 0.0 1186.306900750468
0.0 4704.696711546899 2007.8045291777848
0.0 0.0 1.0
-0.23447007631736758 0.322026076355865 -0.0004196352211501327 -0.0002328505739816093 0.0
0.2965721332905906 0.19471236789388793 -0.9349503000398597 2652.234189294137
-0.12459078777511515 0.9785163918791991 0.16426444053808398 -382.5082345800334
0.9468485123593132 0.0677699388583814 0.3144600611048832 2003.4664539860494

400128
4711.377569340069 0.0 1167.562367293203
0.0 4710.219353654597 2040.1974321692949
0.0 0.0 1.0
-0.22883171238467767 0.3094585563793287 -0.0011022083424477296 4.066182320395257e-05 0.0
-0.5426493687473162 -0.17198640626559228 0.8221632068257413 -2268.1495095927335
0.10158915333581273 0.9581895244932398 0.2674929514509339 -1007.0521980511397
-0.8337933236256169 0.2286777453344894 -0.502488987208757 4117.7665284329205

400129
4699.261055510022 0.0 1488.2768298858173
0.0 4697.611552629086 2044.1413380736503
0.0 0.0 1.0
-0.2309177186021036 0.3052984974857896 0.00012307026475543714 0.0005093671124576098 0.0
0.18332782530826075 -0.18906709324524246 0.9646991980506351 -2767.0856864489347
0.38131957282005774 0.9181734772892622 0.10748418017026157 -205.58295390468246
-0.9060829387269537 0.34815384509486513 0.24042173007777012 2131.7167678877245

400130
4697.686474359182 0.0 1473.399687245639
0.0 4696.18962982143 2075.5946658196376
0.0 0.0 1.0
-0.23165880572494163 0.30241131694298634 -0.0001613097593760518 3.5325371954626724e-05 0.0
-0.7835981810428876 0.13963230946878222 -0.6053731979685696 1525.3580491664427
-0.1352320528889733 0.9127157475063192 0.38556744692130696 -1134.696825423333
0.6063713239737781 0.3839958104021386 -0.6963196356960593 4832.339679831011

400131
4707.44623447326 0.0 1152.6724512754886
0.0 4706.408964839978 2050.7643089454355
0.0 0.0 1.0
-0.22735306806907582 0.30939847325908676 -0.0008954229845741315 -0.00010613348879128728 0.0
0.9132887385293808 -0.07714142652935461 0.39994109614845597 -933.1482522648994
-0.05093726682299576 0.9525624363261064 0.30005032869349685 -1121.3249010475213
-0.40411517532012486 -0.2944044925158051 0.8660351724165111 223.61628228261515

400132
4695.487699606933 0.0 1483.5122318494414
0.0 4693.718224593377 2014.0929644428763
0.0 0.0 1.0
-0.2290568068299446 0.30969172614300833 6.51810945378942e-05 0.0004489980247975178 0.0
0.5018890428406291 -0.16978567611103562 0.8481038927301512 -2413.0543754368514
0.15490831242700698 0.9823345792613823 0.10498661404378952 -251.47619633419777
-0.8509470038830469 0.078686711552087 0.5193241742953862 1283.2952961666

400133
4703.172299770176 0.0 1172.6868570543572
0.0 4701.669522551621 2026.814801384744
0.0 0.0 1.0
-0.23236390798433737 0.32083778018786335 8.447407124138304e-05 -0.0002645741038545515 0.0
-0.8055821486107422 0.11327897301634943 -0.5815541901766866 1628.228739733458
-0.10370151318089799 0.9394423748584678 0.32664050649647547 -934.9975911239112
0.5833381506499405 0.3234438105647458 -0.7450508059210892 4960.573430106243

400140
4708.3258097151465 0.0 1167.5641984480233
0.0 4707.175924112262 2054.604903003883
0.0 0.0 1.0
-0.2289321174602258 0.312656676876013 5.6683627360691655e-05 -0.000130852800210892 0.0
0.002302648222760051 -0.19167904547561004 0.9814549614407795 -2615.0727450659297
0.1512473568840556 0.9702335195521327 0.1891326375141757 -557.7715440829871
-0.9884932649475919 0.1480069628870226 0.0312250554877036 2635.112756267865

400142
4681.675456810355 0.0 1516.4227849682088
0.0 4680.167887096237 2053.916885096436
0.0 0.0 1.0
-0.2325658848635707 0.31838978909985205 0.0005222875313431227 -0.0006763932553158076 0.0
-0.20088996657722058 0.19965706411936157 -0.9590517598523246 2547.6623888344993
-0.19627456353451572 0.9509547271556158 0.2390845093470587 14.988704763376154
0.9597497158311322 0.2362671446638859 -0.15184966023813096 3306.974729675579

400143
4693.7253674917465 0.0 1497.1209795286638
0.0 4692.346199980448 2014.1082099822881
0.0 0.0 1.0
-0.23312422079086645 0.3179306948427947 -0.000586934624054357 -7.802191804760997e-05 0.0
1.0 0.0 0.0 0.0
0.0 1.0 0.0 0.0
0.0 0.0 1.0 0.0

400145
4716.731587664016 0.0 1209.8650802201741
0.0 4715.692718836944 2054.6161761616504
0.0 0.0 1.0
-0.2287371527621028 0.31751597077881405 -0.0004719603261353103 -0.0006578514396974399 0.0
-0.44174214765854103 -0.1838273163870713 0.8781067091942458 -2446.397659136124
0.12379495806264693 0.9569291749997287 0.2626049550039106 -711.6885548854196
-0.8885598929392928 0.22470886004843252 -0.3999590539985898 3866.525758587661

400146
4696.880811539419 0.0 1172.9527943398848
0.0 4695.328921504679 2041.8424447548146
0.0 0.0 1.0
-0.23215857857694092 0.312300263977961 -0.000821266661817827 -0.0008499372963763724 0.0
-0.9552228563331588 -0.08288893621044838 0.28403999541019276 -781.2252775673288
0.017681885515223372 0.9422534176274523 0.3344336225531345 -1217.061992881639
-0.29535850362457594 0.32448100286963816 -0.898596368295224 5262.054151687745

400147
4686.317609121586 0.0 1140.5829814711963
0.0 4684.926184146473 2038.2235322930817
0.0 0.0 1.0
-0.2309727479733058 0.3033064649542095 -0.0004381237805439589 -0.0004085385367675657 0.0
-0.7374486079416909 -0.13513360450977233 0.6617465221495761 -1797.1527927577292
0.10271803805637175 0.9459430457815671 0.30763738198623053 -869.1017455538957
-0.6675466690072783 0.2948400635424036 -0.6837037235730103 4673.889491323277

400148
4714.713017903268 0.0 1505.748154743155
0.0 4712.053655552355 2049.815333748572
0.0 0.0 1.0
-0.2327461422008274 0.30437074422313803 -1.505397761503486e-05 -0.0005110768641799626 0.0
-0.1600990185822062 -0.1845726587856419 0.9696913106127192 -2795.5675333433405
0.3619245310833943 0.9029723424117793 0.23162811280034556 -474.4660888140369
-0.9183566507893757 0.3880385064245344 -0.07776361284519306 3020.6822309364543

400151
4700.250468922919 0.0 1143.3949229663074
0.0 4698.732990092703 2041.5978276651208
0.0 0.0 1.0
-0.2306673490090535 0.3010736479629252 0.00013789087583692498 0.00010170008998907891 0.0
-0.2198384813743286 0.20085116134352876 -0.9546359793628068 2761.0303123496824
-0.16599329856217832 0.9566035362763383 0.23949091677149625 -702.4269561398162
0.961310182479868 0.21111249458655923 -0.17695832190084593 3395.11119683269

400155
4685.721854968337 0.0 1171.7078099743926
0.0 4684.277339225755 2014.2716792303047
0.0 0.0 1.0
-0.22885954332695493 0.2989013292997013 0.00020434120528848193 -8.089929239676315e-05 0.0
0.8750116553254044 0.1192042557517284 -0.469196066112422 1564.9289857589506
-0.07603666923991302 0.9910213831278348 0.10997746639331715 416.41580320214786
0.4780931164277476 -0.0605554588296519 0.8762191554801427 335.76144654800197

400156
2329.193572952944 0.0 1502.7283179387446
0.0 2328.7466859909077 2047.1272495133214
0.0 0.0 1.0
-0.019840884060461982 -0.024626138492797992 3.285705632907715e-05 0.0006780689197153924 0.0
0.11806771302720676 0.10050086515818757 -0.9879066713222364 2700.8742488967946
-0.9928966885749901 0.02667880634802844 -0.11595001987349479 289.7011723035777
0.01470309346173626 0.9945792162489122 0.10293688186629324 1418.06115049832

400157
4693.711496455005 0.0 1146.4305763997806
0.0 4692.935467781126 2031.7788731311969
0.0 0.0 1.0
-0.2308266485799058 0.3065082152847817 -5.890554517755719e-05 -0.0007888884306359054 0.0
-0.9559594535571476 -0.06645369797953646 0.28587659781724917 -781.8796918876923
-0.030097280767600865 0.9910910425849815 0.12974089177360637 -368.3992275247324
-0.29195149741886384 0.11542292377452144 -0.949442927101058 5387.025540765182

400158
4705.096287128154 0.0 1153.2851114804125
0.0 4703.475430708672 2073.537597638049
0.0 0.0 1.0
-0.23194375871607564 0.3176175577239747 -6.345409819960889e-05 0.0008368179827741024 0.0
0.34169734486167325 0.19452868357608857 -0.9194571853983399 2730.436928277541
-0.15096235913198733 0.9770003631682006 0.15060098437430308 218.86061390600986
0.9276062152873857 0.0873434693343367 0.36320493901495077 1849.5609738527908

400160
3007.248679315698 0.0 1473.144811122922
0.0 3007.3405692842384 2068.858812788284
0.0 0.0 1.0
-0.09273575144069754 0.10124773301350526 -0.00026193501844438245 -0.0004823732519496275 0.0
-0.8788644854838377 0.05839045174376148 -0.4734847107356147 1215.46751754432
-0.47672066388595047 -0.14554375320236534 0.8669223866805538 -2388.2181091006637
-0.01829275209934031 0.987627242966155 0.15574917069346994 1307.738746205647

400161
4713.322561740943 0.0 1172.733761422938
0.0 4711.363808545112 2076.883965804456
0.0 0.0 1.0
-0.23189142009279573 0.32505108704925306 -2.3308011642331136e-05 0.0005633886504758894 0.0
0.750152944116537 0.1431487657314945 -0.645584224793978 2005.9649694793834
-0.09296580272492999 0.9894215742674126 0.11136564954196751 391.6306218589564
0.6546968152946837 -0.023524014192833592 0.7555254468244297 693.7383711350373

400164
4712.4097245128405 0.0 1156.8351357212332
0.0 4711.650846787694 2078.196628802873
0.0 0.0 1.0
-0.22954793940183615 0.32519543444816185 -0.0007371636200094236 -0.000569158709560906 0.0
-0.5479922800522714 -0.17003507389867686 0.8190192516952114 -2246.4124261782626
-0.08625643554037546 0.985388945803462 0.14686201965181725 -708.9819093643357
-0.8320242113850903 0.009833571711906297 -0.5546521545404874 4193.306140210645

400165
4698.483314438256 0.0 1536.702226739302
0.0 4696.966329191248 2018.990887947104
0.0 0.0 1.0
-0.23254218581386715 0.31181449087193275 -0.00020496807367756677 -0.00014776778801933022 0.0
-0.15191044003807286 -0.20255015364688178 0.967417517654639 -2844.2890184519006
0.1901984771623047 0.9544933975145435 0.22971045554411296 -623.4458483736613
-0.9699215213060176 0.21889675502110167 -0.10647278125724169 3044.1838620932076

400166
4690.7384603255005 0.0 1163.5148846082936
0.0 4689.566819102395 2050.6660913472515
0.0 0.0 1.0
-0.2291527944569462 0.3104542719110331 -0.0004793881779693714 0.00024594120245616827 0.0
0.8652563394809336 -0.08795556952511431 0.4935537303856269 -1189.7739623246464
0.062474518003612436 0.9957325806663162 0.0679232095812208 -210.79005769870997
-0.4974217542370575 -0.02793645627331647 0.867058909661055 318.7423598803897

400167
4702.38601503886 0.0 1127.0418448241073
0.0 4701.296202603887 2039.703498955625
0.0 0.0 1.0
-0.23416899453085382 0.32641120874018303 -0.0008129806105963101 4.369023069002401e-05 0.0
0.20055480355932354 -0.1906051503422026 0.9609617304722949 -2532.432104230013
0.13569895092128897 0.9768405099715671 0.16543401342332892 -461.3408592630575
-0.9702389218579838 0.09722291263645061 0.2217749755277686 2100.241904014729

400168
4705.246826397148 0.0 1154.336846482638
0.0 4703.818522180602 2054.247775827104
0.0 0.0 1.0
-0.23329847657094743 0.30543430567347096 -0.0008324220339993401 1.6410128283857475e-05 0.0
0.999529881277324 0.01296882189528027 -0.027781758266659334 284.67747452418644
-0.011655297785703027 0.9988301234228711 0.04693121111348591 -160.57145212185804
0.02835789955665231 -0.04658534320685526 0.9985117101621965 -6.264237223118432

400169
4703.339811652271 0.0 1506.9035591255126
0.0 4701.668592733966 2067.139195100141
0.0 0.0 1.0
-0.22576736957159832 0.3173471415634832 0.0006976467886400667 -5.619325783798387e-05 0.0
0.7595329835465447 0.1367745709995729 -0.6359263822430763 1739.3942110988537
-0.13076228849394067 0.9897907931641486 0.056704582489539024 525.0067868035651
0.6371898232180986 0.0400861883367364 0.7696637101305479 670.5046656035875

400170
4698.588957496033 0.0 1501.8344544926085
0.0 4697.347451380432 2009.2381083307826
0.0 0.0 1.0
-0.23013577733754434 0.31091672711942914 -0.0006343167477851395 8.666382137663018e-06 0.0
0.49188624357454225 0.17897153865138216 -0.8520663775404372 2333.527727660806
-0.18662505316219047 0.9775714321081328 0.09759705250807417 -282.695979394835
0.850422843598604 0.11101028546405518 0.5142545124807884 1449.0654485921189

400172
4718.992597926048 0.0 1190.7745216822661
0.0 4717.569265558647 2015.7705812154234
0.0 0.0 1.0
-0.2334731739850372 0.3170563158307096 -0.00034626048055422855 -0.00017442942680777443 0.0
0.537412137762284 -0.1657379424388667 0.8268731030949688 -2183.1289423584058
0.1112841919634062 0.985860660166584 0.1252780401944365 -341.30731976216015
-0.8359449879057974 0.02469196573863642 0.5482574979178474 1190.9707820338863

400175
4712.924376718156 0.0 1488.855768137762
0.0 4711.38559568962 2023.951660091057
0.0 0.0 1.0
-0.2340961705027318 0.3158149130584891 -0.0008913854603996738 -2.8628465613558977e-05 0.0
-0.754509253818564 -0.12766831571196552 0.643751960824527 -1954.059115038217
0.137096469323357 0.9285949389830407 0.34484198902418 -957.3065434889405
-0.6418102087075457 0.34844259277297424 -0.6831305991832188 4699.979879380986

400176
4705.429691659681 0.0 1170.7752567230314
0.0 4704.085634814434 2039.9646483141346
0.0 0.0 1.0
-0.22952298289475226 0.3190710874673656 -0.0007240957432856893 0.00023070026091893413 0.0
-0.0981716542543587 -0.20575352823193335 0.9736671977226481 -2730.8382910206146
0.09253776363702612 0.9722668982778188 0.21478789727144224 -466.04357826084606
-0.990857753969772 0.11118706819293664 -0.07640907841767697 2938.0118268361066

400177
4702.314691481665 0.0 1192.5791356939628
0.0 4700.807098197096 2090.7513588303746
0.0 0.0 1.0
-0.22950331279492708 0.3162751794670044 -0.0007956082194345268 -0.00023652611159626533 0.0
0.9835947872301976 0.04955970578730609 -0.17345065608367738 665.5280568674029
-0.042802007180617954 0.9981797003129105 0.04248851685501023 -172.47491688663763
0.17524064230335612 -0.034367447468554 0.9839256048297571 39.386579424908405

400178
4699.653447784149 0.0 1452.0549701220411
0.0 4698.498039599854 2058.69285115194
0.0 0.0 1.0
-0.23339061242787412 0.3253212493601951 -0.0009473362160457011 0.0001384086304138132 0.0
-0.5205400318874367 0.18865754047959438 -0.8327342959328726 2197.9355523231743
-0.1919909336521199 0.9244475355869247 0.3294483803916007 -968.4793553620786
0.8319720888335221 0.331368505394601 -0.4449914123154901 4149.279462956532

400179
4706.734705345805 0.0 1136.7484235766203
0.0 4705.592147157725 2051.732474285459
0.0 0.0 1.0
-0.2312977671820561 0.32725103654310655 -0.000619729765440875 0.00034187296103443363 0.0
-0.8580648291943931 -0.10294458609253043 0.5031174426451891 -1367.007310444699
0.08126287998250226 0.9401397028153912 0.33095873387348057 -947.4097429894364
-0.5070710928820011 0.3248688218103201 -0.7983352399706705 5008.060399806698

400181
4692.84712201849 0.0 1133.0140154410856
0.0 4691.719385655963 2040.6861278084943
0.0 0.0 1.0
-0.22699949625015964 0.29791208680570685 -0.00041772856001222797 7.10808499644533e-05 0.0
0.4336170107588341 -0.18902898562443096 0.8810472919057026 -2305.5703018818763
-0.10109424742854453 0.961371491662717 0.25601720284984514 -1000.1452837484585
-0.8954084214018929 -0.2000822271267521 0.3977572893996657 1498.40039838179

400182
4692.268036273475 0.0 1505.0321050932055
0.0 4690.941343817743 2039.201722752311
0.0 0.0 1.0
-0.23017499955251783 0.31160455515475743 -3.0844614040389144e-05 0.0004779595313717494 0.0
-0.19511509230922175 0.20966588049168297 -0.9581076762612912 2562.8364039857283
-0.22050313784146827 0.9424966196485325 0.251154311436527 -738.3646189035549
0.9556717359821993 0.2602697456654093 -0.1376633303971424 3291.1319016173275

400183
4700.555710944918 0.0 1173.9868598580047
0.0 4699.3665403212635 2049.513675174662
0.0 0.0 1.0
-0.2249788999669661 0.30133941256033103 -0.000220702043608207 -0.00031397588465420355 0.0
0.9613653838163202 0.07151538326730847 -0.26582352934950904 937.0674857583568
0.01390311760742756 0.9518168248110708 0.30635181626255376 -1126.7852508127028
0.27492417522017476 -0.29821180721544455 0.9140494603230206 146.48371445129996

400184
4711.777945282547 0.0 1511.17164621352
0.0 4710.2379228960235 2017.074686001036
0.0 0.0 1.0
-0.23129891406088499 0.3141848414552815 -0.00035907431881215194 -0.00029029712052018467 0.0
0.7698250386594664 -0.12031450952723984 0.6268124349836808 -1779.599153966202
0.11508413304898134 0.9921417038723364 0.04909665729621045 -116.94141823745012
-0.6277937974950976 0.03434032956331208 0.777621816561346 568.7185105843377

400185
4694.421503391154 0.0 1496.1462203155966
0.0 4692.799738371556 2052.14840975289
0.0 0.0 1.0
-0.2311104235770023 0.2997694367361378 3.18587116636494e-05 0.0002824336462615319 0.0
-0.9338541713541701 -0.07135382177632557 0.3504640049453418 -1123.3685214823615
0.07006833249671574 0.9244081139714871 0.3749134134767757 -352.64424173121324
-0.3507232747131931 0.37467088349855854 -0.8582627299567793 5187.782701917027

400186
4709.237278990837 0.0 1150.9527920735472
0.0 4708.087566362443 2036.2051511066272
0.0 0.0 1.0
-0.2260662645735853 0.30948211325957126 -0.00019540516462865834 -0.00010516037667363471 0.0
-0.23462638727536578 -0.19901223025792095 0.9514959750844344 -2584.4660467303593
-0.11008798315177501 0.9779618303081212 0.17740150626746115 -780.5987375612274
-0.9658318147377859 -0.06312519836133437 -0.25136450619003003 3325.6286968381573

400187
4708.962611644504 0.0 1158.9553158172732
0.0 4707.788100343333 2047.6874766942112
0.0 0.0 1.0
-0.231519852058586 0.3278706461920079 -0.000690518429111608 -5.215103572462294e-05 0.0
0.7394851482266558 0.14563934784282284 -0.6572297131993641 2005.0681261853542
-0.11666314166524049 0.9892693426295872 0.0879538464765494 -274.51282857429925
0.6629867471744795 0.011633919938767126 0.748540730339947 755.2875528731317

400188
4706.098424824734 0.0 1132.09757787272
0.0 4705.114818357483 2030.84556677073
0.0 0.0 1.0
-0.22526953212341108 0.3052440149280068 -0.0003453865719339893 -0.0003605716533468621 0.0
0.7165478278179609 -0.1344532608764982 0.6844571068292289 -1738.9604682146644
-0.08860837688636339 0.955752785802868 0.2805087663079736 -1056.489178640902
-0.6918871049491573 -0.2616465804663487 0.6729288973846645 740.4834720426303

400189
4696.879859172025 0.0 1184.7175214635738
0.0 4695.330152043231 2056.131241383611
0.0 0.0 1.0
-0.23106163609601474 0.2998033323993403 -0.0001113639395729273 -0.00039532399504704964 0.0
0.9976685103148981 -0.006659811208284424 0.06792047144066415 -2.0986156988348608
0.0014522126208870133 0.9970735162654212 0.07643490197947911 -489.37766056010105
-0.06823074530265519 -0.07615805982808946 0.9947585211088494 -45.46705199027575

400190
4700.228978134546 0.0 1173.405759413912
0.0 4699.086834180671 2028.9986145479277
0.0 0.0 1.0
-0.23344629240228615 0.3178064922130555 -0.0006846702888934937 0.00023225122719226348 0.0
0.7891456258237948 -0.1049435685660762 0.6051743787205376 -1522.721915183918
0.06839526886877059 0.994181808441241 0.08321429541173886 -224.1968254213296
-0.610386163374908 -0.024277132885100444 0.7917318689931202 521.2268614084587

400191
4694.789119513229 0.0 1131.2902658290307
0.0 4693.274222136098 1978.9553836576215
0.0 0.0 1.0
-0.040291669226003676 0.014646507485795868 -0.0005210041037318015 -0.0007218848047247056 0.0
-0.7974536501964502 -0.1123336621367077 0.5928311936287721 -1651.0185559579086
-0.04406739351697489 0.990735958886256 0.12845358927780445 -686.1202625042255
-0.6017688431756655 0.07631125815164366 -0.7950162584893063 4879.385796963101

400192
4689.87011383264 0.0 1500.155013267534
0.0 4688.310122128658 2026.3664380225082
0.0 0.0 1.0
-0.23009376548014498 0.30951619166705013 -0.00015847541857480935 -0.00015390648921993994 0.0
0.7611339061495879 0.13788999044999795 -0.6337677235732109 1748.0107323429063
-0.14740398108209085 0.9883457840389213 0.03800891387083729 -137.6530835218256
0.6316227064241919 0.06449001245301172 0.7725890207757223 696.0558706423528

400194
4704.4603049765565 0.0 1155.0955519953945
0.0 4703.033217760066 2066.009979130451
0.0 0.0 1.0
-0.23259795282326867 0.3254040152742803 -0.000994336580044109 0.000398000515245729 0.0
-0.9209190747510989 -0.07625534134366652 0.38222137652954674 -1041.5159822966957
0.06622542149735797 0.9357982656345349 0.346259728502888 -998.9250321230452
-0.3840862550353474 0.3441899605624158 -0.8567444308199297 5189.190694391305

400196
4701.543188537088 0.0 1501.5639710220632
0.0 4699.949831735385 2031.5602788396122
0.0 0.0 1.0
-0.23277605954778505 0.3075734568634079 0.00014242695486675256 -0.00011951707995640668 0.0
0.9376340255314042 0.10209752140287177 -0.33229283815508903 928.2452047664905
-0.10289689319613395 0.9945752766801031 0.015239697742400377 -60.896526693595334
0.3320461768133425 0.019902641535395695 0.9430531381229565 191.92997531658602

400197
4717.168746974751 0.0 1180.5827419762218
0.0 4716.697977308638 2000.932576702821
0.0 0.0 1.0
-0.22721870442971445 0.31006453985375326 -0.0007005065179441282 -0.0004383313099768278 0.0
0.8040187554198067 0.12930906033247735 -0.580373162585174 1788.5518196217931
0.05805101405066613 0.954333320491788 0.29304947221724814 -1063.8902239661147
0.5917633992575702 -0.26930852254440457 0.7597953665192199 606.0809016351116

400199
4703.412366628422 0.0 1513.163967446204
0.0 4701.917041821589 2031.984765207546
0.0 0.0 1.0
-0.23165656816026123 0.3206166945579871 0.000400193428257604 -0.0005789046889959654 0.0
-0.7900074003608561 0.1390283122809762 -0.5971259798060927 1495.8528269726382
-0.10626780398415633 0.928156849493839 0.356695972186477 -285.4940276440515
0.6038174071782526 0.3452477242821079 -0.7184765463580274 4871.027680279255

400200
4697.6709427827045 0.0 1496.0063095002952
0.0 4695.70514576328 2051.7255665557836
0.0 0.0 1.0
