400883
9740.209146864896 0.0 1533.631409719529
0.0 9737.62129059113 2068.122973547302
0.0 0.0 1.0
-0.0686622406656068 0.17861949654332987 0.0011091276942006194 0.0004920509266332957 0.0
0.971672964566935 0.06830035584622368 -0.22624480396460622 670.3383732775969
-0.07909448005864536 0.9961046131010978 -0.03898285498735292 297.23113319260653
0.22270095005175983 0.055773301408394815 0.973290103564221 140.31513446275497

400889
10091.242469113873 0.0 1431.7231032473721
0.0 10087.923172935996 2038.2102749598093
0.0 0.0 1.0
-0.05712200547495474 0.13973923055698662 -0.0007889820639719495 -0.0034604619272180946 0.0
0.8924715633222852 -0.09219054880686428 0.44158284768745887 -1209.7953894292511
0.11361562296304586 0.9932754587633386 -0.022256532461240142 243.6549416756487
-0.4365615636766426 0.0700340326496226 0.8969443881261738 300.0267330783105

400895
10001.106298453333 0.0 1153.6127519406898
0.0 9997.74384086855 2134.2355555190315
0.0 0.0 1.0
-0.07844060504019772 0.41342481166448697 0.0021284951446648463 -0.003910938351511337 0.0
-0.2081669822999963 -0.2036706779141386 0.956652895484098 -2657.105118912469
0.025612154874673304 0.9766089165385491 0.21349248619114697 -281.9961313330705
-0.9777579071543165 0.06894402871457804 -0.1980812860969321 3323.8478241852536

400926
9882.870879390503 0.0 1046.9091918001852
0.0 9880.512371898489 2140.15545709786
0.0 0.0 1.0
-0.07643250683281165 0.3307146201248533 0.0026443567833389554 -0.0018191971406833819 0.0
-0.7408413514468364 0.1360823490994597 -0.6577504741541422 1855.445557499383
-0.03841949496129603 0.9690730661597934 0.2437649171857501 -386.22609474570345
0.6705803713152847 0.20586157171077224 -0.7127011848590028 4897.366090530624

400929
9896.487868203947 0.0 1544.866261382262
0.0 9893.183614400694 1981.9343410204401
0.0 0.0 1.0
-0.06327965405263813 0.1659387869744673 -0.000739572175367579 0.0019911118927837964 0.0
-0.8281153524903211 0.1124925069845655 -0.5491542577838748 1434.1220717019125
-0.10948727890564552 0.9283294372455269 0.35527030793642284 -604.7831159198415
0.5497613106864363 0.35433020167032164 -0.7564473606647066 5056.857957635831

401538
10213.744342505015 0.0 973.408894475129
0.0 10209.327543109179 1912.1052036048577
0.0 0.0 1.0
-0.05872479224092751 0.1306091490978507 -0.0013679763157187648 -0.005021862044040122 0.0
0.9581454247220825 0.06226865096881614 -0.279427915911535 945.0323218788172
-0.039903076540048425 0.9955788518953622 0.08503231233684945 152.18808327264674
0.28348737108869443 -0.07032328750304721 0.9563940326392593 165.76026241906828
